136
134
130
130
131
143
142
115
 77
 85
 88
 90
 88
 94
101
104
110
110
111
108
112
112
112
111
113
113
114
111
110
109
112
111
112
109
107
108
108
108
103
 96
 95
119
134
128
130
130
128
129
129
131
142
181
175
 92
 98
101
102
103
105
104
105
104
100
 45
132
132
130
128
135
142
139
113
 78
 84
 88
 85
 89
 94
101
103
106
108
110
108
110
110
109
112
110
111
112
109
109
109
111
111
109
110
108
107
109
108
101
 98
 90
111
131
133
133
134
132
130
129
128
129
163
184
136
 91
101
102
 99
103
105
105
106
 86
 41
131
132
132
131
140
140
136
116
 79
 81
 93
 85
 85
 93
 98
102
107
110
108
109
109
108
111
109
108
108
109
111
109
107
113
112
112
110
107
105
107
108
104
 96
 89
 98
125
135
133
136
133
133
129
128
128
131
178
180
101
 95
 99
103
105
109
109
 86
 40
 42
130
132
132
135
140
134
135
115
 73
 81
 92
 87
 88
 92
 99
104
108
108
107
108
108
106
108
109
112
107
104
106
107
105
107
109
109
107
107
107
106
106
104
101
 93
 96
122
133
134
134
133
130
130
128
127
123
155
186
154
 90
100
101
102
108
 83
 39
 35
 44
134
134
138
140
140
134
136
113
 76
 79
 88
 86
 86
 90
 99
101
105
106
105
106
109
108
107
107
111
104
103
104
105
102
105
107
111
106
107
105
105
107
105
102
 94
 97
119
130
132
133
131
130
131
129
130
128
125
177
186
116
 91
100
105
 84
 36
 40
 46
 39
137
134
141
131
131
137
134
114
 74
 80
 87
 86
 86
 95
 98
102
103
104
106
109
107
107
108
109
108
108
110
110
117
117
103
104
105
103
106
107
104
106
104
 97
 96
 96
117
123
128
131
129
129
129
128
125
120
118
149
185
170
 89
 98
 84
 36
 39
 44
 44
 39
133
140
133
117
128
137
137
115
 75
 83
 86
 85
 88
 95
 99
103
107
104
108
108
108
106
111
107
118
120
127
145
153
148
149
148
126
 99
105
109
105
106
102
100
 93
 96
114
122
123
129
128
128
126
124
120
119
119
120
172
189
137
 81
 37
 38
 43
 44
 38
 40
138
140
119
 99
134
139
139
116
 68
 77
 81
 84
 86
 92
 98
101
104
103
107
104
105
113
108
110
112
121
127
133
144
147
152
161
162
154
112
102
102
102
100
 91
 89
 94
116
122
122
125
126
124
120
122
119
116
118
118
137
186
181
 36
 38
 44
 45
 41
 40
 38
144
130
 89
 91
133
139
136
112
 64
 74
 82
 80
 87
 88
 96
 99
103
104
107
106
 92
101
101
109
108
116
111
129
142
153
150
156
160
167
166
128
 91
 94
 97
 94
 86
 91
120
128
123
118
121
125
118
123
119
120
120
120
123
165
 75
 36
 42
 44
 43
 42
 42
 56
140
113
 68
 93
133
141
136
113
 68
 77
 84
 85
 83
 91
 95
 94
100
104
103
111
 94
 97
104
107
108
113
113
118
139
148
152
162
165
165
162
175
159
 99
 90
 88
 87
 90
120
131
129
108
102
121
121
123
120
121
123
123
129
 71
 36
 37
 45
 37
 45
 43
 49
123
127
 81
 71
 93
134
142
136
111
 71
 75
 82
 86
 85
 89
 94
 98
101
106
105
 90
 98
100
101
102
105
111
119
121
134
145
154
156
160
169
179
177
180
167
 76
 82
 85
 86
121
130
128
110
 61
107
124
121
121
121
121
127
 96
 33
 36
 47
 38
 42
 46
 55
 63
122
 97
 74
 73
 93
130
140
136
110
 70
 78
 84
 85
 85
 91
 96
 98
103
102
 91
 96
 97
 98
 98
110
115
113
124
121
133
145
140
163
174
172
170
176
177
184
143
 68
 79
 87
119
132
129
113
 49
 74
117
122
120
120
122
121
 44
 40
 46
 40
 44
 41
 45
 72
116
134
 74
 76
 75
 94
130
140
135
112
 70
 76
 83
 80
 86
 88
 97
100
102
103
 94
 93
 94
 98
105
108
119
109
120
117
120
144
168
168
170
165
174
170
175
179
184
152
 61
 81
120
130
131
112
 52
 45
101
122
119
121
126
 60
 36
 44
 42
 40
 45
 47
 56
113
123
136
 74
 77
 73
 95
130
140
135
113
 68
 75
 82
 83
 85
 89
 95
100
124
 89
 90
 94
 94
100
108
115
119
115
108
116
150
158
162
158
161
169
171
172
173
174
177
183
126
 73
118
130
130
112
 54
 37
 55
105
124
121
 98
 34
 43
 45
 43
 43
 42
 38
102
119
132
132
 77
 74
 71
 90
130
139
136
113
 69
 73
 80
 85
 84
 89
 91
 91
144
 84
 94
 92
 92
109
111
113
112
 98
113
155
149
156
155
162
163
166
167
169
172
172
176
178
187
 63
115
128
129
113
 53
 35
 67
167
176
188
 65
 36
 45
 51
 43
 42
 39
 84
122
128
134
131
 77
 78
 80
 89
130
142
137
114
 65
 72
 79
 83
 84
 88
 93
108
128
 83
 90
 90
102
105
102
112
 97
127
144
144
148
150
155
160
161
159
165
167
169
170
175
174
178
136
111
132
129
109
 41
 91
167
177
182
184
113
 37
 49
 38
 40
 43
 57
125
125
134
135
132
 82
 86
 80
 90
130
143
139
114
 69
 75
 85
 83
 85
 90
 93
134
116
 84
 86
 91
102
103
109
102
122
129
138
149
151
152
155
146
152
162
165
168
169
154
167
171
169
177
137
129
124
105
138
162
177
175
171
185
111
 40
 46
 40
 40
 35
108
123
136
132
132
130
 84
 83
 85
 96
128
142
143
119
 70
 74
 82
 84
 83
 86
 91
129
109
 90
 89
 91
104
100
102
118
127
121
136
147
143
143
146
148
152
151
157
156
156
155
164
163
164
161
167
125
148
167
170
173
171
170
176
186
 97
 43
 41
 34
 43
 74
125
131
134
132
131
131
 84
 82
 82
 97
130
146
145
118
 68
 73
 79
 82
 84
 87
 83
161
116
 95
 90
 92
100
101
118
122
116
124
128
139
146
139
147
147
148
154
154
151
158
159
155
152
154
148
158
162
165
172
169
168
170
165
173
186
 42
 37
 41
 39
 55
120
125
135
135
132
132
132
 81
 79
 80
 94
131
144
143
120
 70
 77
 82
 84
 80
 85
 84
168
118
109
 90
 89
 97
115
123
109
123
126
123
131
139
144
144
143
141
140
142
149
156
152
147
146
146
154
163
169
168
166
168
170
172
139
144
144
 39
 39
 38
 44
 89
124
134
134
134
132
134
132
 81
 79
 79
 97
132
143
144
120
 72
 76
 83
 84
 80
 84
 76
163
128
116
 93
 93
111
115
110
121
118
117
125
133
133
133
136
135
135
142
141
138
138
138
135
147
157
163
167
162
164
170
170
174
146
134
136
103
 39
 40
 40
 63
125
128
134
134
133
132
132
131
 80
 80
 84
 98
133
143
142
122
 68
 74
 80
 81
 83
 82
 73
168
151
133
113
102
109
106
116
114
107
119
123
116
112
105
121
101
119
133
122
125
110
134
145
163
165
160
165
167
169
172
172
168
110
 90
159
 33
 44
 40
 41
 97
125
133
132
130
132
132
130
130
 84
 81
 87
103
134
146
145
122
 66
 73
 81
 82
 82
 87
 72
178
167
127
110
 97
 96
113
112
105
110
115
109
109
 94
 68
112
 95
 83
 58
 47
 32
 94
147
167
164
164
163
167
169
169
172
128
 92
 77
138
103
 39
 41
 38
 52
123
129
135
134
133
131
130
132
130
 87
 85
 83
101
134
146
145
122
 67
 72
 79
 82
 85
 82
 77
149
173
116
112
 91
109
108
105
109
115
109
110
 78
 71
 42
 90
 64
 91
 45
 34
100
137
155
162
159
161
161
164
170
141
 86
 82
109
146
 82
 38
 42
 40
 48
 87
124
137
134
136
133
132
131
129
129
 89
 89
 84
100
133
144
143
122
 68
 73
 81
 80
 81
 82
 81
123
173
131
114
107
105
101
103
111
 97
100
 61
 58
 44
 64
 58
 84
 60
 70
108
144
156
154
153
155
159
163
134
 98
 92
130
141
152
 95
 37
 47
 40
 42
 45
118
130
140
138
136
134
132
130
132
128
 90
 89
 84
 94
133
144
144
123
 67
 71
 79
 79
 81
 84
 86
 80
163
151
107
107
102
109
104
112
 77
 62
 53
 59
 34
 60
 44
 67
 71
 91
147
160
154
152
147
154
158
155
 80
 90
103
119
150
 70
 37
 42
 48
 40
 44
 75
110
139
137
138
138
134
134
133
131
130
 88
 88
 82
 89
130
146
146
125
 68
 68
 80
 83
 83
 87
 92
 90
129
170
108
 97
102
102
104
 73
 58
 67
 51
 52
 61
 40
 46
 50
 68
125
154
153
146
148
145
159
165
168
120
 70
 77
123
 69
 35
 44
 47
 46
 37
 43
100
116
141
139
137
136
135
135
134
132
131
 87
 88
 82
 90
129
144
147
125
 69
 74
 83
 85
 82
 87
 95
 92
129
150
 90
 99
102
103
 70
 52
 35
 51
 56
 46
 64
 44
 41
 99
111
152
156
138
146
138
157
169
168
174
146
 55
 53
128
 57
 39
 46
 53
 41
 38
 64
112
125
135
138
136
136
137
136
133
131
129
 88
 86
 82
 89
129
145
146
125
 72
 72
 85
 85
 82
 88
110
 96
 95
144
 96
100
 91
 64
 45
 57
 45
 40
 41
 65
 89
 31
 99
138
137
147
153
140
137
148
161
169
173
175
164
 73
 36
 97
 65
 43
 49
 54
 40
 39
 92
118
135
128
124
129
132
132
135
133
131
128
 86
 86
 81
 86
130
148
148
124
 74
 75
 85
 88
 85
 87
 98
 97
 98
 97
106
106
 67
 61
 34
 42
 58
 41
 46
 64
 35
 94
137
151
145
148
137
132
143
149
163
169
173
177
175
100
 38
 97
 67
 41
 50
 43
 43
 45
116
129
136
134
135
130
125
123
123
124
128
119
 83
 85
 80
 87
132
146
148
125
 71
 74
 84
 86
 87
 89
 96
100
120
 81
110
 86
 66
 60
 37
 57
 43
 41
 53
 33
 67
123
144
147
160
103
104
126
148
149
155
162
166
172
169
 96
 35
 58
 88
 53
 53
 42
 43
 75
114
135
136
134
138
136
129
129
122
120
118
115
 84
 86
 83
 83
131
147
149
127
 71
 76
 86
 85
 83
 87
 95
119
101
 74
 97
 51
 61
 55
 38
 50
 59
 33
 56
 52
122
148
148
145
112
104
108
 73
 91
136
150
163
157
124
 91
 76
 41
 35
102
 46
 49
 42
 45
100
116
133
131
131
131
133
130
130
132
128
123
117
 81
 80
 80
 81
129
146
148
126
 74
 70
 81
 82
 83
102
133
126
105
 65
 49
 74
 62
 51
 52
 41
 54
 51
 31
 94
148
163
139
 58
 43
 40
 70
 48
105
119
140
170
118
 54
 58
 46
 45
 36
118
 52
 46
 43
 45
115
127
132
128
131
131
132
129
129
129
123
120
117
 82
 81
 72
 74
128
148
151
125
 72
 75
 83
 86
 78
100
141
113
 56
 51
 48
 48
101
 39
 35
 67
 37
 38
 59
125
158
158
 94
 54
 74
 60
163
106
 92
111
142
163
 68
 64
116
 39
 37
 36
109
 54
 40
 41
 70
118
134
130
129
128
127
127
128
121
122
117
112
155
 86
 80
 73
 74
130
148
153
127
 78
 80
 91
 68
 81
117
125
 57
 57
 69
 41
 72
105
 63
 37
 41
 44
 30
107
152
159
104
115
117
101
118
127
124
104
106
143
157
111
110
 82
 53
 44
 49
119
 60
 36
 42
 94
125
131
128
126
127
126
126
122
120
116
121
142
159
 82
 76
 66
 65
129
149
152
130
 74
 78
 91
103
115
 67
 49
 50
 77
 70
 49
 75
 79
 69
 36
 41
 36
 69
128
165
 95
107
128
133
132
131
135
137
114
110
136
174
136
115
 93
 69
 41
 41
128
 47
 40
 41
112
127
131
129
128
128
125
123
122
114
135
160
162
161
 75
 69
 62
 61
127
148
154
132
 74
 79
101
104
 95
 73
 57
 89
 80
 43
 41
 74
 78
 77
 48
 38
 37
109
157
 75
 88
107
125
137
147
148
146
135
121
108
127
179
141
119
109
 80
 45
 41
130
 37
 40
 62
115
133
132
128
127
124
122
120
113
133
165
165
161
172
 64
 63
 56
 60
126
146
150
131
 75
 79
 88
 99
 84
 72
 66
 79
 74
 42
 38
 47
 40
 83
 85
 34
 69
136
121
 50
 94
107
120
132
144
150
142
132
118
107
124
181
138
124
110
 73
 40
 54
110
 65
 50
 81
125
133
130
126
125
124
122
117
117
162
164
165
170
171
 64
 61
 54
 56
125
143
148
129
 73
 88
109
 78
 89
 57
 71
 77
 64
 45
 29
 60
 55
115
 80
 26
101
158
 32
 63
 89
109
117
128
134
141
140
125
111
103
117
178
134
120
108
 57
 47
 46
103
 72
 38
106
128
131
131
129
123
121
119
113
148
164
161
170
176
175
 70
 63
 50
 54
124
147
149
133
 72
 86
101
 73
 81
 77
 63
 79
 97
 44
 36
 69
 74
 55
 34
 98
130
 77
 34
 75
 86
105
115
124
130
134
134
117
107
112
111
170
145
119
104
 34
 45
 45
 92
 84
 48
118
132
129
126
126
124
122
117
122
164
163
170
175
176
175
 68
 65
 53
 66
130
142
149
130
 79
 75
 93
 60
 81
 64
 77
 73
 87
 48
 55
 40
 74
 35
 45
144
119
 35
 37
 79
 90
106
113
122
129
132
133
120
109
 85
100
142
127
115
 72
 37
 56
 52
 80
101
 67
123
132
128
127
125
124
120
115
139
166
170
174
173
178
177
 65
 66
 56
 88
130
142
150
133
 78
 76
 98
 54
 67
 63
 60
 79
103
 83
 82
 44
 70
105
103
125
 38
 45
 35
 82
 94
105
110
118
124
130
132
129
120
127
141
156
126
111
 43
 41
 55
 53
 64
 97
 93
128
130
127
124
124
124
120
111
152
167
175
174
176
178
179
 62
 58
 53
 88
132
143
150
135
 76
 77
100
 62
 70
 50
 61
 66
 67
105
 81
 51
101
133
 99
 63
 40
 50
 38
 93
 90
108
110
118
117
122
125
123
128
153
164
160
121
 78
 40
 45
 58
 51
 39
115
113
129
130
126
126
122
122
120
110
159
172
176
176
175
179
179
 51
 56
 53
 86
131
145
150
137
 76
 93
104
 56
 61
 53
 80
 82
 62
 68
 82
120
167
 90
 83
 42
 44
 43
 48
 76
 78
106
106
117
118
101
 92
106
100
101
109
107
113
 43
 44
 52
 58
 59
 36
127
121
131
128
126
123
123
121
118
115
165
177
176
177
179
180
178
 44
 50
 55
 90
134
148
150
136
101
 75
 99
 70
 40
 58
 97
 70
 85
 69
107
119
109
110
 38
 37
 44
 49
 48
 65
 67
 99
103
110
119
117
104
106
116
132
137
120
 85
 43
 36
 48
 77
 55
 39
122
129
132
129
128
124
123
122
121
120
173
180
177
179
180
179
174
 41
 43
 53
 86
130
149
154
135
 73
 92
 76
 77
 33
 63
 98
 80
 74
108
105
133
130
 51
 46
 44
 48
 47
 51
 51
 58
 83
 96
106
113
119
112
109
106
113
120
110
 47
 41
 47
 45
 69
 56
 48
120
128
128
130
130
128
126
121
116
117
180
180
181
182
176
174
177
 40
 41
 63
 91
124
149
149
134
 74
 81
 68
 55
 43
 42
 82
108
 98
 87
 80
133
 71
 41
 44
 44
 43
 41
 48
 45
 50
 63
 85
101
113
115
119
127
137
136
128
 71
 38
 43
 45
 39
 71
 63
 49
126
127
132
130
128
126
124
119
112
118
183
184
180
179
178
178
137
 41
 36
 57
 94
124
145
150
136
 73
 71
 53
 68
 53
 42
 80
 52
 97
109
115
 67
 55
 46
 49
 42
 41
 43
 46
 48
 48
 56
 48
 80
103
116
124
139
140
141
125
 46
 46
 47
 43
 47
 76
 64
 47
121
122
128
127
128
124
122
117
111
131
184
178
180
179
173
167
 40
 40
 38
 45
 83
124
145
147
131
 99
 96
 41
 62
 47
 39
 74
 87
 67
 84
112
 92
 68
 42
 52
 38
 39
 41
 41
 47
 50
 52
 67
 78
 97
103
114
126
133
131
134
 79
 46
 46
 38
 45
 81
 65
 57
131
101
101
108
113
119
118
115
104
144
181
179
177
171
134
 58
 68
 74
 52
 43
 57
116
143
145
140
 91
 83
 32
 58
 46
 65
 63
 95
 72
 88
 82
 83
124
 64
 64
 43
 44
 42
 42
 47
 45
 51
 86
105
106
114
117
120
120
136
161
169
153
 91
 40
 55
 81
 62
 61
138
107
106
 97
 91
 88
 91
 97
 93
155
174
175
174
134
 53
 47
 70
113
 99
 67
 46
111
141
146
133
103
 82
 32
 63
 60
 78
 61
 78
 91
 73
 86
107
 82
 79
 52
 45
 48
 45
 48
 46
 58
 45
 87
100
107
112
116
117
126
141
157
162
169
175
141
 49
 70
 58
 60
124
121
119
115
108
 96
 87
 91
 81
150
176
177
136
 56
 64
 69
 77
103
125
105
 48
111
147
149
131
124
 39
 36
 52
 44
 54
 64
 47
 59
 62
 83
120
 87
103
 83
 44
 48
 43
 45
 45
 67
 52
 79
104
109
114
119
121
132
139
149
156
161
171
178
152
 49
 54
 54
120
124
123
119
117
108
103
106
 98
173
180
167
 76
 73
 74
 89
 83
 48
122
130
 57
113
148
150
137
101
 34
 38
 49
 40
 62
 44
 63
 72
 68
 70
 98
118
 75
 54
 40
 46
 44
 44
 43
 76
 62
 78
112
111
118
119
120
128
136
141
152
158
169
175
181
123
 37
 62
119
122
121
119
119
113
108
109
133
179
179
140
 68
 81
 88
 81
 87
 32
111
139
 50
110
150
152
140
101
 37
 45
 38
 38
 75
 49
 54
 49
 68
 83
 90
117
 38
 96
 46
 43
 41
 44
 43
 82
 69
 88
109
113
116
114
122
127
130
141
148
157
168
174
180
185
 37
 74
121
124
122
119
112
110
102
143
169
183
176
102
 76
 89
 86
 79
 80
 25
 98
141
 55
108
149
152
139
 76
 48
 35
 35
 65
 69
 42
 36
 40
 54
 89
 97
113
123
 94
 57
 50
 40
 42
 61
102
 70
 88
111
115
115
117
120
125
131
136
144
155
165
174
178
185
 99
 71
121
123
120
117
114
106
108
180
177
183
153
 84
 80
 93
 77
 88
 77
 26
 91
141
 66
107
147
148
138
 86
 39
 40
 48
 45
 55
 46
 44
 40
 48
 43
115
 86
 80
 79
 53
 83
 48
 41
 78
105
 72
 96
111
118
117
111
118
121
126
133
141
152
163
170
176
180
143
 77
122
120
120
117
115
107
121
179
177
178
115
 90
 83
 87
 78
 82
 78
 33
 75
143
 71
103
147
149
139
 92
 39
 40
 55
 40
 49
 42
 44
 38
 66
 70
 94
 83
 89
 54
 42
 45
 42
 54
 93
105
 68
103
116
117
116
114
115
122
125
132
137
148
159
167
174
179
180
 93
117
121
123
119
114
110
118
153
177
168
100
 85
 83
 73
 85
 79
 69
 29
 65
139
 78
100
147
148
139
 85
 39
 43
 40
 43
 48
 49
 42
 48
 45
 65
 48
 60
 96
 51
 42
 40
 39
 67
 99
 95
 64
111
116
121
118
116
116
120
124
130
134
142
155
163
174
178
180
123
 73
 88
105
113
115
122
119
121
182
149
 87
 75
 72
 79
 80
 80
 53
 28
 59
147
 89
 93
145
149
141
 83
 57
 42
 41
 52
 45
 54
 42
 40
 46
102
 79
 65
 48
 39
 37
 35
 56
 87
100
 56
 96
111
117
118
121
115
116
118
119
126
132
139
149
161
173
178
181
125
 69
 70
 68
 62
 67
105
137
143
179
106
 64
 72
 77
 81
 76
 83
 51
 61
 78
148
110
 97
144
149
143
 82
 38
 41
 41
 42
 44
 52
 39
 39
 46
 53
123
 89
 39
 35
 31
 39
 73
 98
 75
 70
111
116
115
115
119
117
117
115
118
123
130
133
145
157
167
175
180
177
 80
 86
 74
 60
 36
 79
162
159
150
 59
 61
 69
 82
 67
 84
 78
 58
 68
 99
145
123
 97
145
152
143
 86
 37
 40
 41
 45
 49
 57
 54
 53
 52
 49
 89
 81
 38
 38
 31
 60
 83
 58
 66
103
113
114
120
117
120
120
119
114
116
120
126
132
140
150
163
172
177
181
 84
 88
 84
 72
 66
 86
171
130
 64
 56
 60
 83
 66
 70
 91
 72
 52
 49
 81
137
127
 97
144
152
144
 58
 38
 40
 47
 51
 52
 56
 86
 49
 53
 61
 72
 82
 36
 32
 37
 50
 58
 90
103
107
110
113
115
119
121
123
121
120
118
122
125
130
138
147
158
168
176
180
120
 79
 87
 87
 92
 93
118
 71
 67
 63
 84
 66
 58
 89
 92
 58
 42
 46
 57
140
149
 97
146
155
139
 51
 44
 42
 49
 53
 56
 39
 83
 55
 56
 58
 67
 76
 34
 40
 60
 87
 95
103
105
107
112
112
115
118
117
118
124
123
122
122
124
127
135
143
153
163
172
176
143
 71
 85
 95
101
 96
 87
 90
 76
 79
 67
 62
 78
 98
 74
 45
 73
 41
 49
147
164
100
144
152
128
 54
 47
 50
 56
 54
 80
 51
 76
 81
 68
 47
 52
 65
 78
 54
 79
 93
100
105
106
108
109
114
113
116
116
121
120
122
125
124
127
131
136
139
149
159
167
175
178
 77
 80
 96
106
 99
109
 97
 74
 67
 72
 72
105
 83
 50
 43
 84
